image: maps_1.pgm
resolution: 0.100000
origin: [-150.049988, -150.049988, 0.000000]
negate: 0
occupied_thresh: 0.65
free_thresh: 0.196

